0.00000000E+00  0.00000000E+00  0.00000000E+00   -5.0540516558321280E-01  2.5015557042325498E-01 -2.5524959515995782E-01   -0.0000000000000000E+00    7.4767191210437800E-16  4.8336564105720161E-16    3.6328238269214387E-03 -6.1986346853614011E-03 -5.3859859860475956E-04   1.70400143E-02 5.23690000E-02 2.66900000E-03 
5.00000000E-01  4.81300000E+03  5.73841000E+05   -5.0769077035030197E-01  2.5244104582075955E-01 -2.5524972452954242E-01    5.0683561131390879E-07    1.2793525210265380E-06  2.8727145182777438E-06    3.6325962838699003E-03 -6.1992476960916728E-03 -5.3942854232792920E-04   1.97376680E+00 6.30917200E+00 1.45612000E+00 
1.00000000E+00  9.95100000E+03  1.15797800E+06   -5.0986973247740841E-01  2.5462001123780065E-01 -2.5524972123960776E-01   -1.2889082110074092E-08    2.7148857341502185E-06  2.8741358054981586E-06    3.6326026685027163E-03 -6.1992456124380507E-03 -5.3942589563914299E-04   4.01908779E+00 1.27406850E+01 2.94642900E+00 
1.50000000E+00  1.56530000E+04  1.74320300E+06   -5.1307110809712175E-01  2.5782139227537687E-01 -2.5524971582174488E-01   -2.1225734759829564E-08    4.1514909653041417E-06  2.8701534193718447E-06    3.6326017571674716E-03 -6.1992459082727798E-03 -5.3943206531718944E-04   6.13708901E+00 1.92282570E+01 4.63418700E+00 
2.00000000E+00  2.10390000E+04  2.33757100E+06   -5.1561553375407032E-01  2.6036582449569107E-01 -2.5524970925837925E-01   -2.5713508074375435E-08    5.5870978513420804E-06  2.8672855097657219E-06    3.6325935089734748E-03 -6.1992406781116666E-03 -5.3943584321472016E-04   8.38429594E+00 2.58958690E+01 6.30126600E+00 
2.50000000E+00  2.71020000E+04  2.93110700E+06   -5.1655321905977414E-01  2.6130351736300828E-01 -2.5524970169676586E-01   -2.9624376117661322E-08    7.0223253050158906E-06  2.8710451088680811E-06    3.6325928977662047E-03 -6.1992465144595187E-03 -5.3943252355978240E-04   1.06198909E+01 3.24818150E+01 8.11380500E+00 
3.00000000E+00  3.24860000E+04  3.53078400E+06   -5.1707942579963007E-01  2.6182972657099191E-01 -2.5524969922863816E-01   -9.6694636107645490E-09    8.4570466392079686E-06  2.8713339442731527E-06    3.6325949622981447E-03 -6.1992502163427951E-03 -5.3943376122399537E-04   1.28737519E+01 3.91681110E+01 9.78778000E+00 
3.50000000E+00  3.76870000E+04  4.12499300E+06   -5.1584755045121622E-01  2.6059785044072453E-01 -2.5524970001049169E-01    3.0630928409659355E-09    9.8916354056379182E-06  2.8730360774273961E-06    3.6325960184077390E-03 -6.1992498794913439E-03 -5.3942685431720104E-04   1.49133649E+01 4.56968930E+01 1.13384620E+01 
4.00000000E+00  4.35150000E+04  4.71109500E+06   -5.1302085374409923E-01  2.5777115784421395E-01 -2.5524969589988528E-01   -1.6104255600077519E-08    1.1336102340553991E-05  2.8894649458167890E-06    3.6326096518906662E-03 -6.1992308763846090E-03 -5.3943509683597641E-04   1.71003199E+01 5.22467470E+01 1.30887180E+01 
4.50000000E+00  4.85480000E+04  5.29996400E+06   -5.0980571153333498E-01  2.5455601999921418E-01 -2.5524969153412080E-01   -1.7103896859766561E-08    1.2781928464672702E-05  2.8902822104305982E-06    3.6326079963686178E-03 -6.1992307378297123E-03 -5.3943538916822358E-04   1.91235249E+01 5.87370600E+01 1.46219890E+01 
5.00000000E+00  5.36170000E+04  5.87145300E+06   -5.0703098730135632E-01  2.5178130404097027E-01 -2.5524968326038605E-01   -3.2414279144258004E-08    1.4225555694053056E-05  2.8861899533567875E-06    3.6326066583307246E-03 -6.1992281790879756E-03 -5.3943652747136402E-04   2.11653550E+01 6.50758790E+01 1.61674860E+01 
5.50000000E+00  5.86260000E+04  6.44082600E+06   -5.0780996438972470E-01  2.5256028504248607E-01 -2.5524967934723863E-01   -1.5330665124546748E-08    1.5666269852771261E-05  2.8783754053352919E-06    3.6326080761236493E-03 -6.1992292184094291E-03 -5.3944469918350496E-04   2.32305410E+01 7.13419380E+01 1.77832350E+01 
6.00000000E+00  6.35820000E+04  7.01148200E+06   -5.0819751505660449E-01  2.5294783992156034E-01 -2.5524967513504415E-01   -1.6502251806437373E-08    1.7102828239040760E-05  2.8704231647545622E-06    3.6326050900689602E-03 -6.1992329161616776E-03 -5.3945965660725809E-04   2.53172648E+01 7.75018340E+01 1.93488830E+01 
6.50000000E+00  6.81750000E+04  7.58335100E+06   -5.0867533671740595E-01  2.5342567240456770E-01 -2.5524966431283824E-01   -4.2398510021508751E-08    1.8540390676907171E-05  2.8766329434740245E-06    3.6326029449439182E-03 -6.1992339053283906E-03 -5.3945549097632285E-04   2.72740119E+01 8.37810810E+01 2.07957520E+01 
7.00000000E+00  7.29130000E+04  8.15760400E+06   -5.0940048286287798E-01  2.5415082320291743E-01 -2.5524965965996055E-01   -1.8228731884018662E-08    1.9978268628207803E-05  2.8763149221156031E-06    3.6326086022848798E-03 -6.1992325695319640E-03 -5.3945497083095033E-04   2.92599859E+01 9.00867760E+01 2.22543720E+01 
7.50000000E+00  7.80940000E+04  8.73727200E+06   -5.0915134242460314E-01  2.5390168709067834E-01 -2.5524965533392480E-01   -1.6948252771846767E-08    2.1417823982210640E-05  2.8800111258301566E-06    3.6326076714742351E-03 -6.1992292384543584E-03 -5.3946043169983242E-04   3.12865200E+01 9.64348580E+01 2.37876590E+01 
8.00000000E+00  8.33840000E+04  9.31518500E+06   -5.0963769196303121E-01  2.5438804213259847E-01 -2.5524964983043275E-01   -2.1561212467744615E-08    2.2858334184430512E-05  2.8787670894998733E-06    3.6326089170485324E-03 -6.1992278316057451E-03 -5.3945979559899993E-04   3.33553269E+01 1.02811627E+02 2.53857390E+01 
8.50000000E+00  8.82980000E+04  9.88644700E+06   -5.1089714706610745E-01  2.5564750577228723E-01 -2.5524964129382022E-01   -3.3444169399046204E-08    2.4296875878910893E-05  2.8779465735871305E-06    3.6326152377221940E-03 -6.1992305993590841E-03 -5.3945689027114847E-04   3.53537278E+01 1.09082703E+02 2.68624930E+01 
9.00000000E+00  9.30030000E+04  1.04666850E+07   -5.1477907989255045E-01  2.5952944862480221E-01 -2.5524963126774824E-01   -3.9279475269096550E-08    2.5736315643115150E-05  2.8820744654821747E-06    3.6326143235746178E-03 -6.1992352162990125E-03 -5.3945132906685323E-04   3.72954800E+01 1.15393513E+02 2.82807950E+01 
9.50000000E+00  9.84530000E+04  1.10562420E+07   -5.1560831871928203E-01  2.6035869362886227E-01 -2.5524962509041976E-01   -2.4201125977695015E-08    2.7174096330705261E-05  2.8714386690281902E-06    3.6326171382132363E-03 -6.1992449472016301E-03 -5.3945461102896069E-04   3.94879060E+01 1.21939717E+02 2.99145110E+01 
1.00000000E+01  1.03700000E+05  1.16493100E+07   -5.1515674749148055E-01  2.5990712735072502E-01 -2.5524962014075553E-01   -1.9391465246147209E-08    2.8606016530099037E-05  2.8677091909156017E-06    3.6326243057605121E-03 -6.1992408685005509E-03 -5.3945399255361163E-04   4.15430129E+01 1.28477141E+02 3.15808260E+01 
1.05000000E+01  1.09368000E+05  1.22434940E+07   -5.1244638652270624E-01  2.5719676819392051E-01 -2.5524961832878573E-01   -7.0988148598570358E-09    3.0040935907019707E-05  2.8697108596045993E-06    3.6326189729136344E-03 -6.1992400557430759E-03 -5.3944948108480026E-04   4.38095858E+01 1.35058862E+02 3.32998690E+01 
1.10000000E+01  1.14452000E+05  1.28233630E+07   -5.1010306936512273E-01  2.5485345579923946E-01 -2.5524961356588327E-01   -1.8659782892150359E-08    3.1475295368625459E-05  2.8661834986999972E-06    3.6326160055150975E-03 -6.1992431725049219E-03 -5.3945203415874641E-04   4.58597450E+01 1.41310481E+02 3.48589330E+01 
1.15000000E+01  1.19650000E+05  1.33962760E+07   -5.1038679194845882E-01  2.5513718764465593E-01 -2.5524960430380289E-01   -3.6286363967574621E-08    3.2911277669368229E-05  2.8769446661728078E-06    3.6326142813220643E-03 -6.1992446914643992E-03 -5.3945065599281315E-04   4.78904059E+01 1.47443191E+02 3.63283200E+01 
1.20000000E+01  1.24643000E+05  1.39759750E+07   -5.1272631956876880E-01  2.5747672403269506E-01 -2.5524959553607374E-01   -3.4349628778965718E-08    3.4347471868413194E-05  2.8713622191503013E-06    3.6326207107231145E-03 -6.1992407111952754E-03 -5.3944604731507423E-04   4.97883239E+01 1.53910998E+02 3.77695780E+01 
1.25000000E+01  1.29597000E+05  1.45627820E+07   -5.1399341426511125E-01  2.5874382386625849E-01 -2.5524959039885275E-01   -2.0126264925725722E-08    3.5781082587940381E-05  2.8644131500777569E-06    3.6326203590625046E-03 -6.1992460149231324E-03 -5.3944314856939997E-04   5.17383399E+01 1.60483768E+02 3.92346710E+01 
1.30000000E+01  1.35216000E+05  1.51574110E+07   -5.1442506623611162E-01  2.5917547901124638E-01 -2.5524958722486524E-01   -1.2434838826961271E-08    3.7211777808899231E-05  2.8595871329604507E-06    3.6326184024536557E-03 -6.1992465330507149E-03 -5.3944670769684433E-04   5.37920060E+01 1.67203537E+02 4.09615810E+01 
1.35000000E+01  1.40459000E+05  1.57483170E+07   -5.1279504819423982E-01  2.5754546542762585E-01 -2.5524958276661397E-01   -1.7466242812100448E-08    3.8643378023422063E-05  2.8668146839884822E-06    3.6326180089844107E-03 -6.1992447697093653E-03 -5.3943754593731492E-04   5.57716639E+01 1.73831798E+02 4.24707830E+01 
1.40000000E+01  1.45666000E+05  1.63342310E+07   -5.1153740395217451E-01  2.5628782425163993E-01 -2.5524957970053458E-01   -1.2012083848076749E-08    4.0075332322364781E-05  2.8666679397921214E-06    3.6326292116408681E-03 -6.1992490423682023E-03 -5.3943328310186202E-04   5.77728930E+01 1.80444670E+02 4.39830120E+01 
1.45000000E+01  1.50583000E+05  1.69145290E+07   -5.1040019364914957E-01  2.5515062295001001E-01 -2.5524957069913956E-01   -3.5265072831107049E-08    4.1509100729436184E-05  2.8658523884674182E-06    3.6326360161982756E-03 -6.1992549585790317E-03 -5.3943780518281715E-04   5.96655788E+01 1.86927726E+02 4.53987590E+01 
1.50000000E+01  1.56257000E+05  1.74982200E+07   -5.0853885302224566E-01  2.5328928728347977E-01 -2.5524956573876589E-01   -1.9433426092692115E-08    4.2942089161662879E-05  2.8662409093843601E-06    3.6326411819649607E-03 -6.1992679396363709E-03 -5.3943904593806906E-04   6.18033869E+01 1.93511109E+02 4.70685170E+01 
1.55000000E+01  1.61110000E+05  1.80707950E+07   -5.1107455318184514E-01  2.5582499749989274E-01 -2.5524955568195240E-01   -3.9399924007625306E-08    4.4377566862232046E-05  2.8763143462274123E-06    3.6326462966885082E-03 -6.1992609483164426E-03 -5.3944239383752650E-04   6.37410839E+01 1.99881606E+02 4.84708500E+01 
1.60000000E+01  1.65908000E+05  1.86637730E+07   -5.1322626857202869E-01  2.5797671018953044E-01 -2.5524955838249824E-01    1.0580021717528098E-08    4.5814666888477016E-05  2.8724484025007255E-06    3.6326485102284442E-03 -6.1992575834878940E-03 -5.3944044535628405E-04   6.57413929E+01 2.06455387E+02 4.99572730E+01 
1.65000000E+01  1.71847000E+05  1.92623220E+07   -5.1341796682018803E-01  2.5816841208455454E-01 -2.5524955473563349E-01   -1.4287447851957232E-08    4.7248537641831655E-05  2.8680976585621375E-06    3.6326473450221438E-03 -6.1992556732809543E-03 -5.3943684886766953E-04   6.80267079E+01 2.13119483E+02 5.16083140E+01 
1.70000000E+01  1.76957000E+05  1.98491540E+07   -5.0971738260367294E-01  2.5446783428192821E-01 -2.5524954832174473E-01   -2.5127913582789985E-08    4.8683037132647964E-05  2.8688023358065965E-06    3.6326358629098338E-03 -6.1992636309628115E-03 -5.3942855398557822E-04   6.99917979E+01 2.19583866E+02 5.30667500E+01 
1.75000000E+01  1.81709000E+05  2.04269120E+07   -5.0743022430635354E-01  2.5218067275268435E-01 -2.5524955155366919E-01    1.2661822406881022E-08    5.0118929873135729E-05  2.8706193057364538E-06    3.6326390357149861E-03 -6.1992659871402565E-03 -5.3942803744857202E-04   7.18851490E+01 2.25903636E+02 5.43721800E+01 
1.80000000E+01  1.87240000E+05  2.09991330E+07   -5.0400416906658907E-01  2.4875462186550432E-01 -2.5524954720108473E-01   -1.7052270740645744E-08    5.1554370883332104E-05  2.8688778484968868E-06    3.6326461622263372E-03 -6.1992645881013119E-03 -5.3942935506059542E-04   7.39079049E+01 2.32215239E+02 5.58763180E+01 
1.85000000E+01  1.92182000E+05  2.15692860E+07   -5.0334409829045457E-01  2.4809455196520400E-01 -2.5524954632525054E-01   -3.4312859417777784E-09    5.2987009610969131E-05  2.8624087368362263E-06    3.6326433530082950E-03 -6.1992701325844441E-03 -5.3943214826655643E-04   7.58092029E+01 2.38472463E+02 5.72193930E+01 
1.90000000E+01  1.97331000E+05  2.21396480E+07   -5.0382175682797481E-01  2.4857221165902671E-01 -2.5524954516894810E-01   -4.5300861816645583E-09    5.4416712823706923E-05  2.8555406603691993E-06    3.6326445143197951E-03 -6.1992780691205243E-03 -5.3942998986160980E-04   7.80949140E+01 2.44913725E+02 5.87206540E+01 
1.95000000E+01  2.02166000E+05  2.27013950E+07   -5.0741250816343153E-01  2.5216296590338450E-01 -2.5524954226004704E-01   -1.1396302636087229E-08    5.5845505290865462E-05  2.8583586066536621E-06    3.6326332818718940E-03 -6.1992776862420584E-03 -5.3942678254484790E-04   7.99431038E+01 2.51098200E+02 6.00273340E+01 
2.00000000E+01  2.07426000E+05  2.32811290E+07   -5.1212876950645536E-01  2.5687923334601259E-01 -2.5524953616044277E-01   -2.3896631555579935E-08    5.7276362323179684E-05  2.8629212185270038E-06    3.6326366417248931E-03 -6.1992839753967329E-03 -5.3942295312302908E-04   8.19137578E+01 2.57481708E+02 6.14476080E+01 
2.05000000E+01  2.12467000E+05  2.38733690E+07   -5.1241962311205791E-01  2.5717009224696152E-01 -2.5524953086509639E-01   -2.0745763002194957E-08    5.8708383563698104E-05  2.8644255266409614E-06    3.6326339246933693E-03 -6.1992777124806678E-03 -5.3942498029365890E-04   8.38848660E+01 2.64001866E+02 6.28570720E+01 
0.00000000E+00  0.00000000E+00  0.00000000E+00   -2.9356191802032960E-01  1.4738875440365118E-01 -1.4617316361667843E-01   -0.0000000000000000E+00    3.8329484336489868E-02  2.9896712662566089E-03    1.8326771716256670E-03  1.3035041355844035E-03  2.8533962971052135E-03   2.07026005E-01 1.37501900E+00 7.80700000E-03 
1.03759766E-03  2.00000000E+01  2.77490000E+04   -2.9356268141710928E-01  1.4738951777060569E-01 -1.4617316364650360E-01    2.0403998499766491E-10    3.8328501521143636E-02  2.9896701368540336E-03    1.8326771149558808E-03  1.3035041933577842E-03  2.8533962033876104E-03   2.27870941E-01 1.46268400E+00 1.11880000E-02 
2.07519531E-03  3.60000000E+01  5.36850000E+04   -2.9356330678958986E-01  1.4739014295749830E-01 -1.4617316383209156E-01    1.2696445574240241E-09    3.8327517695463567E-02  2.9896685574435371E-03    1.8326770536837888E-03  1.3035042820452949E-03  2.8533961415258629E-03   4.58055019E-01 2.89264200E+00 2.59590000E-02 
0.00000000E+00  0.00000000E+00  0.00000000E+00   -2.8933778891298723E-01  1.4607996399064155E-01 -1.4325782492234568E-01   -0.0000000000000000E+00    6.4770137959718505E-02  4.9994151000385028E-03   -8.1264287239516952E-03 -3.7715124433637093E-03 -6.0206853670584761E-03   1.33910179E-02 5.31840000E-02 2.12000000E-03 
1.00097656E-02  4.40000000E+01  8.96900000E+03   -2.8932671701674484E-01  1.4606874677946377E-01 -1.4325797023728107E-01    1.0143594981219499E-06    6.4766119294536184E-02  4.9980930616205710E-03   -8.1266960069028404E-03 -3.7715067859810957E-03 -6.0204988943569010E-03   2.17561722E-02 9.60040000E-02 1.70520000E-02 
2.00195312E-02  1.27000000E+02  1.66080000E+04   -2.8932917559849325E-01  1.4607235468958596E-01 -1.4325682090890729E-01   -8.0227883438164155E-06    6.4759688072024549E-02  5.0030768197893384E-03   -8.1257611783779899E-03 -3.7716940080116911E-03 -6.0208372138373257E-03   4.93941307E-02 1.78199000E-01 4.42740000E-02 
3.02734375E-02  1.72000000E+02  2.38090000E+04   -2.8931671328078490E-01  1.4605920913766848E-01 -1.4325750414311642E-01    4.7692961828329723E-06    6.4752945260149034E-02  5.0039490551101991E-03   -8.1260240132869452E-03 -3.7716863613137630E-03 -6.0208995619330449E-03   6.90500736E-02 2.56794000E-01 5.89540000E-02 
4.00390625E-02  1.99000000E+02  3.56840000E+04   -2.8931624202864320E-01  1.4605837303016003E-01 -1.4325786899848317E-01    2.5468499464282997E-06    6.4748932335852064E-02  4.9989177036857601E-03   -8.1265241622931195E-03 -3.7715511152504734E-03 -6.0207146753532342E-03   9.63950157E-02 3.78606000E-01 6.73400000E-02 
5.00488281E-02  2.40000000E+02  4.26880000E+04   -2.8931326649072819E-01  1.4605530515635640E-01 -1.4325796133437180E-01    6.4454322317565284E-07    6.4743360113112144E-02  5.0012858950062040E-03   -8.1264966311796992E-03 -3.7717432147949723E-03 -6.0209267433013348E-03   1.14137173E-01 4.56569000E-01 8.21050000E-02 
0.00000000E+00  0.00000000E+00  0.00000000E+00   -2.8933778891298723E-01  1.4607996399064155E-01 -1.4325782492234568E-01   -0.0000000000000000E+00    6.4770137959718505E-02  4.9994151000385028E-03   -8.1264287239516952E-03 -3.7715124433637093E-03 -6.0206853670584761E-03   1.46729946E-02 2.91860000E-02 1.48100000E-03 
1.00097656E-02  4.40000000E+01  8.96900000E+03   -2.8932671701674495E-01  1.4606874677946377E-01 -1.4325797023728118E-01    1.0143594988969325E-06    6.4766119294536184E-02  4.9980930616205710E-03   -8.1266960069028404E-03 -3.7715067859810957E-03 -6.0204988943569010E-03   8.49161148E-02 6.86510000E-02 2.02600000E-02 
2.00195312E-02  1.27000000E+02  1.66080000E+04   -2.8932917559849325E-01  1.4607235468958596E-01 -1.4325682090890729E-01   -8.0227883445913914E-06    6.4759688072024549E-02  5.0030768197893384E-03   -8.1257611783779899E-03 -3.7716940080116919E-03 -6.0208372138373266E-03   1.24696970E-01 1.17114000E-01 6.85000000E-02 
3.02734375E-02  1.72000000E+02  2.38090000E+04   -2.8931671328078490E-01  1.4605920913766848E-01 -1.4325750414311642E-01    4.7692961828329723E-06    6.4752945260149034E-02  5.0039490551102000E-03   -8.1260240132869470E-03 -3.7716863613137639E-03 -6.0208995619330441E-03   1.49167061E-01 1.58246000E-01 9.38040000E-02 
4.00390625E-02  1.99000000E+02  3.56840000E+04   -2.8931624202864320E-01  1.4605837303016003E-01 -1.4325786899848317E-01    2.5468499464282997E-06    6.4748932335852064E-02  4.9989177036857610E-03   -8.1265241622931212E-03 -3.7715511152504751E-03 -6.0207146753532342E-03   1.75740957E-01 2.22621000E-01 1.07590000E-01 
5.00488281E-02  2.40000000E+02  4.26880000E+04   -2.8931326649072825E-01  1.4605530515635640E-01 -1.4325796133437185E-01    6.4454322356314394E-07    6.4743360113112144E-02  5.0012858950062031E-03   -8.1264966311797027E-03 -3.7717432147949715E-03 -6.0209267433013356E-03   1.97705984E-01 2.62816000E-01 1.31470000E-01 
0.00000000E+00  0.00000000E+00  0.00000000E+00   -2.8933778891298728E-01  1.4607996399064155E-01 -1.4325782492234573E-01   -0.0000000000000000E+00    6.4770137959718505E-02  4.9994151000385028E-03   -8.1264287239516952E-03 -3.7715124433637093E-03 -6.0206853670584761E-03   1.33340359E-02 1.98210000E-02 1.85900000E-03 
1.00097656E-02  4.40000000E+01  8.96900000E+03   -2.8932671701674484E-01  1.4606874677946377E-01 -1.4325797023728107E-01    1.0143594977344584E-06    6.4766119294536184E-02  4.9980930616205710E-03   -8.1266960069028404E-03 -3.7715067859810966E-03 -6.0204988943569010E-03   3.72149944E-02 2.87530000E-02 3.13700000E-02 
2.00195312E-02  1.27000000E+02  1.66080000E+04   -2.8932917559849325E-01  1.4607235468958596E-01 -1.4325682090890729E-01   -8.0227883438164155E-06    6.4759688072024549E-02  5.0030768197893375E-03   -8.1257611783779916E-03 -3.7716940080116919E-03 -6.0208372138373257E-03   9.33170319E-02 5.83070000E-02 9.54330000E-02 
3.02734375E-02  1.72000000E+02  2.38090000E+04   -2.8931671328078495E-01  1.4605920913766848E-01 -1.4325750414311647E-01    4.7692961832204662E-06    6.4752945260149034E-02  5.0039490551102008E-03   -8.1260240132869452E-03 -3.7716863613137647E-03 -6.0208995619330449E-03   1.28247023E-01 8.27010000E-02 1.33131000E-01 
4.00390625E-02  1.99000000E+02  3.56840000E+04   -2.8931624202864320E-01  1.4605837303016003E-01 -1.4325786899848317E-01    2.5468499460408067E-06    6.4748932335852064E-02  4.9989177036857593E-03   -8.1265241622931212E-03 -3.7715511152504734E-03 -6.0207146753532351E-03   1.59354210E-01 1.20546000E-01 1.56010000E-01 
5.00488281E-02  2.40000000E+02  4.26880000E+04   -2.8931326649072819E-01  1.4605530515635640E-01 -1.4325796133437180E-01    6.4454322317565284E-07    6.4743360113112144E-02  5.0012858950062022E-03   -8.1264966311797027E-03 -3.7717432147949697E-03 -6.0209267433013348E-03   1.89901114E-01 1.45512000E-01 1.78920000E-01 
0.00000000E+00  0.00000000E+00  0.00000000E+00   -2.9225097099898284E-01  1.4776718315818768E-01 -1.4448378784079516E-01   -0.0000000000000000E+00    7.5715170234194482E-02  1.2543276483945254E-02   -1.7000182979350332E-03 -1.2618738256037461E-03 -6.4155606847244870E-03   1.14541054E-02 5.45170000E-02 2.21700000E-03 
1.00097656E-02  3.80000000E+01  8.74900000E+03   -2.9226067896599373E-01  1.4777678398975880E-01 -1.4448389497623493E-01    7.4150492156083457E-07    7.5688563597851199E-02  1.2542910269316190E-02   -1.6999409575029099E-03 -1.2618473516535992E-03 -6.4155969266403582E-03   2.15339661E-02 9.39040000E-02 1.46010000E-02 
2.00195312E-02  7.90000000E+01  1.61460000E+04   -2.9226610040926587E-01  1.4778261298456108E-01 -1.4448348742470479E-01   -2.8207401953136510E-06    7.5648011578615657E-02  1.2547494483073079E-02   -1.7002265675424510E-03 -1.2616461519600686E-03 -6.4153860073834015E-03   4.11829948E-02 1.72814000E-01 2.89080000E-02 
3.02734375E-02  1.11000000E+02  2.31680000E+04   -2.9226595583810022E-01  1.4778358387119497E-01 -1.4448237196690525E-01   -7.7203133688585219E-06    7.5611802591560653E-02  1.2550102075947494E-02   -1.7002245775175216E-03 -1.2615799085978704E-03 -6.4151054448765808E-03   5.75659275E-02 2.47658000E-01 3.95700000E-02 
4.00390625E-02  1.44000000E+02  3.50350000E+04   -2.9227482647931846E-01  1.4779102798123783E-01 -1.4448379849808063E-01    9.8733925527401495E-06    7.5589022379517437E-02  1.2543815273706672E-02   -1.7001413681030995E-03 -1.2617885801366397E-03 -6.4155517779975477E-03   8.36970806E-02 3.72133000E-01 4.93520000E-02 
5.00488281E-02  1.80000000E+02  4.20550000E+04   -2.9227609605876897E-01  1.4779173973066267E-01 -1.4448435632810630E-01    3.8608482852065711E-06    7.5560164833880478E-02  1.2545045608168904E-02   -1.6999874242323916E-03 -1.2616457180022987E-03 -6.4155946274624754E-03   1.01517916E-01 4.49279000E-01 6.23870000E-02 
0.00000000E+00  0.00000000E+00  0.00000000E+00   -2.9225097099898284E-01  1.4776718315818768E-01 -1.4448378784079516E-01   -0.0000000000000000E+00    7.5715170234194482E-02  1.2543276483945254E-02   -1.7000182979350332E-03 -1.2618738256037461E-03 -6.4155606847244870E-03   1.21362209E-02 3.03120000E-02 1.34300000E-03 
1.00097656E-02  3.80000000E+01  8.74900000E+03   -2.9226067896599373E-01  1.4777678398975880E-01 -1.4448389497623493E-01    7.4150492156083457E-07    7.5688563597851199E-02  1.2542910269316190E-02   -1.6999409575029099E-03 -1.2618473516535997E-03 -6.4155969266403573E-03   2.57928371E-02 5.14690000E-02 2.38740000E-02 
2.00195312E-02  7.90000000E+01  1.61460000E+04   -2.9226610040926587E-01  1.4778261298456108E-01 -1.4448348742470479E-01   -2.8207401953136510E-06    7.5648011578615657E-02  1.2547494483073081E-02   -1.7002265675424510E-03 -1.2616461519600673E-03 -6.4153860073834033E-03   4.79960442E-02 9.76730000E-02 4.76420000E-02 
3.02734375E-02  1.11000000E+02  2.31680000E+04   -2.9226595583810028E-01  1.4778358387119497E-01 -1.4448237196690530E-01   -7.7203133684743179E-06    7.5611802591560653E-02  1.2550102075947494E-02   -1.7002245775175216E-03 -1.2615799085978704E-03 -6.4151054448765808E-03   6.72030449E-02 1.37348000E-01 6.56330000E-02 
4.00390625E-02  1.44000000E+02  3.50350000E+04   -2.9227482647931846E-01  1.4779102798123783E-01 -1.4448379849808063E-01    9.8733925523559388E-06    7.5589022379517437E-02  1.2543815273706668E-02   -1.7001413681030952E-03 -1.2617885801366395E-03 -6.4155517779975494E-03   9.40158367E-02 2.05078000E-01 8.67120000E-02 
5.00488281E-02  1.80000000E+02  4.20550000E+04   -2.9227609605876897E-01  1.4779173973066267E-01 -1.4448435632810630E-01    3.8608482852065711E-06    7.5560164833880478E-02  1.2545045608168907E-02   -1.6999874242323899E-03 -1.2616457180022981E-03 -6.4155946274624754E-03   1.14524841E-01 2.50779000E-01 1.09108000E-01 
0.00000000E+00  0.00000000E+00  0.00000000E+00   -2.9225097099898278E-01  1.4776718315818768E-01 -1.4448378784079510E-01   -0.0000000000000000E+00    7.5715170234194482E-02  1.2543276483945254E-02   -1.7000182979350332E-03 -1.2618738256037461E-03 -6.4155606847244870E-03   9.78016853E-03 1.44930000E-02 1.40000000E-03 
1.00097656E-02  3.80000000E+01  8.74900000E+03   -2.9226067896599367E-01  1.4777678398975880E-01 -1.4448389497623487E-01    7.4150492156083489E-07    7.5688563597851199E-02  1.2542910269316190E-02   -1.6999409575029099E-03 -1.2618473516535997E-03 -6.4155969266403573E-03   3.18839550E-02 2.94670000E-02 3.50180000E-02 
2.00195312E-02  7.90000000E+01  1.61460000E+04   -2.9226610040926593E-01  1.4778261298456108E-01 -1.4448348742470485E-01   -2.8207401945452460E-06    7.5648011578615657E-02  1.2547494483073081E-02   -1.7002265675424510E-03 -1.2616461519600682E-03 -6.4153860073834024E-03   6.38649464E-02 5.48420000E-02 7.25580000E-02 
3.02734375E-02  1.11000000E+02  2.31680000E+04   -2.9226595583810028E-01  1.4778358387119497E-01 -1.4448237196690530E-01   -7.7203133688585185E-06    7.5611802591560653E-02  1.2550102075947494E-02   -1.7002245775175216E-03 -1.2615799085978704E-03 -6.4151054448765808E-03   9.11538601E-02 7.91390000E-02 1.00419000E-01 
4.00390625E-02  1.44000000E+02  3.50350000E+04   -2.9227482647931841E-01  1.4779102798123783E-01 -1.4448379849808057E-01    9.8733925519717314E-06    7.5589022379517437E-02  1.2543815273706670E-02   -1.7001413681030969E-03 -1.2617885801366397E-03 -6.4155517779975494E-03   1.24099016E-01 1.13315000E-01 1.30835000E-01 
5.00488281E-02  1.80000000E+02  4.20550000E+04   -2.9227609605876897E-01  1.4779173973066267E-01 -1.4448435632810630E-01    3.8608482855907759E-06    7.5560164833880478E-02  1.2545045608168907E-02   -1.6999874242323908E-03 -1.2616457180022989E-03 -6.4155946274624762E-03   1.54026985E-01 1.35739000E-01 1.61688000E-01 
0.00000000E+00  0.00000000E+00  0.00000000E+00   -2.8258282316785788E-01  1.4353886152693229E-01 -1.3904396164092558E-01   -0.0000000000000000E+00    2.8329234552319060E-01  1.9726129568389945E-02    1.0381737417261463E-02  1.5957370704617859E-02  1.2274825143133748E-02   1.74307823E-03 3.05300000E-03 7.64000000E-04 
1.07421875E-02  1.40000000E+01  1.68300000E+03   -2.8256285076976573E-01  1.4351845590895532E-01 -1.3904439486081041E-01    3.1157044125761200E-06    2.8339394295602033E-01  1.9725170314075592E-02    1.0381304164837459E-02  1.5956060488866032E-02  1.2274930429639373E-02   3.17692757E-03 4.67800000E-03 6.30500000E-03 
2.05078125E-02  2.40000000E+01  2.98100000E+03   -2.8252966777244504E-01  1.4348723453821133E-01 -1.3904243323423371E-01   -1.4107915523424249E-05    2.8350030978675506E-01  1.9722822071179147E-02    1.0379660214022667E-02  1.5957903199313714E-02  1.2275786895661112E-02   5.22494316E-03 8.35700000E-03 1.09370000E-02 
3.02734375E-02  3.40000000E+01  4.21500000E+03   -2.8248465723750082E-01  1.4344116787547842E-01 -1.3904348936202240E-01    7.5957228604910617E-06    2.8359443811591351E-01  1.9716730609837151E-02    1.0378104969232145E-02  1.5957868602454593E-02  1.2278029909298526E-02   7.32898712E-03 1.16440000E-02 1.55340000E-02 
4.00390625E-02  4.40000000E+01  6.44500000E+03   -2.8243395873375066E-01  1.4339003586294702E-01 -1.3904392287080364E-01    3.1177927368090053E-06    2.8378511892115960E-01  1.9727032905897019E-02    1.0381831392182765E-02  1.5957332681121136E-02  1.2274605713663097E-02   9.76300240E-03 1.68370000E-02 2.01900000E-02 
5.07812500E-02  5.50000000E+01  7.77500000E+03   -2.8240431089609702E-01  1.4336066374050865E-01 -1.3904364715558837E-01   -1.9829361080822700E-06    2.8388895218960691E-01  1.9715069381802019E-02    1.0379384041817659E-02  1.5957386714329957E-02  1.2276385682771097E-02   1.19540691E-02 2.04970000E-02 2.50970000E-02 
0.00000000E+00  0.00000000E+00  0.00000000E+00   -2.8395405979716370E-01  1.4204903854328049E-01 -1.4190502125388321E-01   -0.0000000000000000E+00    1.6511931617046863E-01  1.2775315051066112E-02   -1.7459226533051795E-03 -2.3167732200999724E-03  1.6665382525327638E-02   3.66711617E-03 6.18900000E-03 1.00600000E-03 
1.00097656E-02  3.40000000E+01  3.57400000E+03   -2.8398660972661260E-01  1.4208139208461310E-01 -1.4190521764199951E-01    1.3839405720929676E-06    1.6519932607159998E-01  1.2772184030021994E-02   -1.7456969438085052E-03 -2.3177606010027245E-03  1.6665794233589125E-02   1.18989944E-02 1.18820000E-02 2.25700000E-02 
2.00195312E-02  1.61000000E+02  6.59800000E+03   -2.8393530232618647E-01  1.4202963452943337E-01 -1.4190566779675309E-01    3.1722212971736226E-06    1.6527506138244807E-01  1.2767030759195079E-02   -1.7465434828009363E-03 -2.3182039045628552E-03  1.6665929311882426E-02   5.32050133E-02 3.03110000E-02 9.96340000E-02 
3.02734375E-02  1.87000000E+02  9.28500000E+03   -2.8388540436265697E-01  1.4197966166147249E-01 -1.4190574270118447E-01    5.2784665012097820E-07    1.6535497956898337E-01  1.2767853991476466E-02   -1.7464048434042143E-03 -2.3188765780077143E-03  1.6666716141264630E-02   6.25920296E-02 3.85870000E-02 1.16195000E-01 
4.00390625E-02  2.07000000E+02  1.38860000E+04   -2.8385584589030927E-01  1.4195077176296067E-01 -1.4190507412734860E-01   -4.7113937966891624E-06    1.6550327383635297E-01  1.2775569589872185E-02   -1.7458136984244597E-03 -2.3168678952417282E-03  1.6665380188000969E-02   7.18400478E-02 5.00740000E-02 1.29739000E-01 
5.02929688E-02  2.28000000E+02  1.64750000E+04   -2.8382008615240817E-01  1.4191507280968360E-01 -1.4190501334272457E-01   -4.2834707921746040E-07    1.6558126113481858E-01  1.2775286339014555E-02   -1.7461468193127731E-03 -2.3167035479602469E-03  1.6665402806517307E-02   7.92310238E-02 5.82710000E-02 1.44624000E-01 
0.00000000E+00  0.00000000E+00  0.00000000E+00   -2.8557846481804727E-01  1.4519706645016839E-01 -1.4038139836787888E-01   -0.0000000000000000E+00    1.0241237763127284E-01  7.8880490595536878E-03    3.7261444796397227E-03 -1.1315039506190280E-02  1.1398454533687844E-02   7.86495209E-03 1.34970000E-02 1.41200000E-03 
1.00097656E-02  3.10000000E+01  7.28100000E+03   -2.8559109483428607E-01  1.4520957051450123E-01 -1.4038152431978485E-01    8.9721221917426266E-07    1.0246039623030836E-01  7.8874080664782416E-03    3.7261979431105216E-03 -1.1315376601649975E-02  1.1398596429880285E-02   2.55639553E-02 1.95410000E-02 2.42230000E-02 
2.00195312E-02  1.29000000E+02  1.35370000E+04   -2.8559948354658660E-01  1.4521758342238220E-01 -1.4038190012420440E-01    2.6770219327407823E-06    1.0250238076191764E-01  7.8845162978741050E-03    3.7266469454959143E-03 -1.1315732645287563E-02  1.1398513102389110E-02   8.68499279E-02 4.51290000E-02 1.00180000E-01 
3.00292969E-02  1.81000000E+02  1.93100000E+04   -2.8557357628292046E-01  1.4519157510559572E-01 -1.4038200117732474E-01    7.1984436921284190E-07    1.0256233091552956E-01  7.8821927240904453E-03    3.7266114210204623E-03 -1.1315361223238512E-02  1.1398303245053081E-02   1.22319937E-01 6.37640000E-02 1.44866000E-01 
4.00390625E-02  2.14000000E+02  2.89920000E+04   -2.8557549068146026E-01  1.4519410768534527E-01 -1.4038138299611500E-01   -4.4035645920774027E-06    1.0265683039710637E-01  7.8876398017893711E-03    3.7261065777512998E-03 -1.1315179833029838E-02  1.1398647321642308E-02   1.52972937E-01 8.71420000E-02 1.71750000E-01 
5.00488281E-02  2.50000000E+02  3.46790000E+04   -2.8557108346858445E-01  1.4518929900405975E-01 -1.4038178446452471E-01    2.8598408217847717E-06    1.0270516324267123E-01  7.8866805934817135E-03    3.7262043725020387E-03 -1.1315178506042866E-02  1.1398390786773812E-02   1.79867983E-01 1.04087000E-01 2.00152000E-01 
0.00000000E+00  0.00000000E+00  0.00000000E+00   -3.0033034217739540E-01  1.5300881422827264E-01 -1.4732152794912276E-01   -0.0000000000000000E+00    1.1298322203738441E-01  1.2864926253723492E-02    2.0114503937272658E-02 -2.7941027271010988E-02 -6.8021859782765384E-03   2.73299217E-03 2.90600000E-03 1.32900000E-03 
1.07421875E-02  1.50000000E+01  1.68800000E+03   -3.0034722433284183E-01  1.5302586407082072E-01 -1.4732136026202111E-01   -1.1382389524674722E-06    1.1291730803151737E-01  1.2869641637197097E-02    2.0112954670623122E-02 -2.7941853694760793E-02 -6.8028601534162788E-03   3.12304497E-03 4.65300000E-03 6.89000000E-03 
2.05078125E-02  2.50000000E+01  3.00300000E+03   -3.0037412983190070E-01  1.5305057446460923E-01 -1.4732355536729147E-01    1.4900115410652145E-05    1.1285259148474157E-01  1.2874700588596142E-02    2.0113267629666233E-02 -2.7939715828658267E-02 -6.8012677627477466E-03   5.51795959E-03 8.30900000E-03 1.12350000E-02 
3.02734375E-02  3.50000000E+01  4.25800000E+03   -3.0040914530832663E-01  1.5308361786479580E-01 -1.4732552744353083E-01    1.3386021226872611E-05    1.1278867848041042E-01  1.2880081152629437E-02    2.0109240477377742E-02 -2.7938947907695185E-02 -6.8013038668931734E-03   7.71284103E-03 1.16850000E-02 1.56970000E-02 
4.00390625E-02  4.50000000E+01  6.51100000E+03   -3.0045269462897017E-01  1.5313121765303486E-01 -1.4732147697593531E-01   -2.7493318135757730E-05    1.1267918437945162E-01  1.2864888168748657E-02    2.0114324021672875E-02 -2.7940985035341891E-02 -6.8020807600439282E-03   1.02188587E-02 1.72430000E-02 2.00810000E-02 
5.02929688E-02  6.20000000E+01  7.77900000E+03   -3.0047957055878549E-01  1.5315773412006733E-01 -1.4732183643871816E-01    2.4399889970141435E-06    1.1261976009433007E-01  1.2867596274140790E-02    2.0111605322303275E-02 -2.7940708689206329E-02 -6.8032283212047205E-03   1.31618977E-02 2.13130000E-02 2.78420000E-02 
0.00000000E+00  0.00000000E+00  0.00000000E+00   -2.9223018792202365E-01  1.4585964280768313E-01 -1.4637054511434053E-01   -0.0000000000000000E+00    1.6165818546194088E-01  1.6793128876530412E-02    1.1856697929392252E-02 -9.2753325741132021E-03  1.4406955039828463E-02   3.38196754E-03 5.67100000E-03 1.03100000E-03 
1.02539062E-02  2.40000000E+01  3.33000000E+03   -2.9222322848224580E-01  1.4585261054695192E-01 -1.4637061793529388E-01    4.9751098005284799E-07    1.6176576936309106E-01  1.6793958485974939E-02    1.1856843496772566E-02 -9.2747812874429125E-03  1.4406766639008708E-02   8.67605209E-03 9.52800000E-03 1.77100000E-02 
2.00195312E-02  4.40000000E+01  5.97900000E+03   -2.9223398491304903E-01  1.4586398703809683E-01 -1.4636999787495220E-01   -4.2362350479174510E-06    1.6188372068487250E-01  1.6795646595461986E-02    1.1856410230064252E-02 -9.2745124519247445E-03  1.4407125604423048E-02   1.53629780E-02 1.70220000E-02 3.14520000E-02 
3.02734375E-02  6.50000000E+01  8.51900000E+03   -2.9223175942258472E-01  1.4586098892818208E-01 -1.4637077049440264E-01    5.2785370066442653E-06    1.6198728504404741E-01  1.6792932437454982E-02    1.1857178881093337E-02 -9.2744617197189853E-03  1.4406693815658261E-02   2.21769810E-02 2.44180000E-02 4.56740000E-02 
4.00390625E-02  8.50000000E+01  1.30450000E+04   -2.9223455957946154E-01  1.4586443333905899E-01 -1.4637012624040255E-01   -4.4015208631935319E-06    1.6219121783198556E-01  1.6792478294416317E-02    1.1856207325328775E-02 -9.2751716643629020E-03  1.4407034689511327E-02   3.07540894E-02 3.50760000E-02 5.93930000E-02 
5.00488281E-02  1.11000000E+02  1.56210000E+04   -2.9225578265077640E-01  1.4588536482264672E-01 -1.4637041782812968E-01    1.9921259523369256E-06    1.6230104407548110E-01  1.6790150841675625E-02    1.1857002561972016E-02 -9.2751536037063952E-03  1.4406044046033328E-02   3.94840240E-02 4.27000000E-02 7.68070000E-02 
0.00000000E+00  0.00000000E+00  0.00000000E+00   -2.9526018851390479E-01  1.4794926448303322E-01 -1.4731092403087157E-01   -0.0000000000000000E+00    5.1570239920232817E-02  9.7142145202475695E-03    4.9508154424223972E-03 -4.8564136058803983E-03  1.0183907007098919E-02   1.30150318E-02 1.17000000E-02 1.26500000E-03 
1.00097656E-02  4.00000000E+01  7.05500000E+03   -2.9525039558554600E-01  1.4793963127620716E-01 -1.4731076430933884E-01   -1.0842477146403772E-06    5.1640252359432530E-02  9.7145016344041685E-03    4.9512165482962873E-03 -4.8565164917991179E-03  1.0183913679438196E-02   3.82020473E-02 2.43320000E-02 2.84070000E-02 
2.00195312E-02  7.10000000E+01  1.28870000E+04   -2.9524399768024445E-01  1.4793368089235875E-01 -1.4731031678788570E-01   -3.0379412885635505E-06    5.1714299710622975E-02  9.7086034712176583E-03    4.9517700540570864E-03 -4.8561582401344333E-03  1.0183842259540258E-02   6.73489571E-02 4.35550000E-02 5.36610000E-02 
3.02734375E-02  9.20000000E+01  1.83650000E+04   -2.9523619849276805E-01  1.4792715431563211E-01 -1.4730904417713594E-01   -8.6389791122734792E-06    5.1781921311050402E-02  9.7069874253025382E-03    4.9512400667397396E-03 -4.8559496119166103E-03  1.0183373662517030E-02   8.63499641E-02 6.00350000E-02 6.96640000E-02 
4.00390625E-02  1.12000000E+02  2.76890000E+04   -2.9522948210766548E-01  1.4791857550132412E-01 -1.4731090660634136E-01    1.2643006516103952E-05    5.1918103081538207E-02  9.7135401394626546E-03    4.9508196034572603E-03 -4.8565603273857246E-03  1.0183773645641042E-02   1.14784002E-01 8.57910000E-02 8.44960000E-02 
5.00488281E-02  1.37000000E+02  3.31860000E+04   -2.9523447709663164E-01  1.4792441462136915E-01 -1.4731006247526249E-01   -5.7302687106908869E-06    5.1989424955955488E-02  9.7122706754190040E-03    4.9508482713719205E-03 -4.8560446879257002E-03  1.0183615434761192E-02   1.33331060E-01 1.01928000E-01 1.03921000E-01 
